image_width: 640
image_height: 480
camera_name: narrow_stereo
camera_matrix:
  rows: 3
  cols: 3
  data: [325.847789, 0.000000, 319.475444, 0.000000, 325.852422, 240.083708, 0.000000, 0.000000, 1.000000]
distortion_model: plumb_bob
distortion_coefficients:
  rows: 1
  cols: 5
  data: [-0.000352, -0.000309, -0.000154, -0.000474, 0.000000]
rectification_matrix:
  rows: 3
  cols: 3
  data: [1.000000, 0.000000, 0.000000, 0.000000, 1.000000, 0.000000, 0.000000, 0.000000, 1.000000]
projection_matrix:
  rows: 3
  cols: 4
  data: [325.139954, 0.000000, 318.521308, 0.000000, 0.000000, 325.176270, 239.488241, 0.000000, 0.000000, 0.000000, 1.000000, 0.000000]
